Extreme Completion Strategy
15 Voters 15 Alternatives 
30 Questions for 1 runs 
Mean of Regret reduced by half in -1 questions 
Mean of Regret reduced by four in -1 questions 
Mean of Regret reduced by eight in -1 questions 
Mean of Average Loss reduced by half in 3 questions 
Mean of Average Loss reduced by four in 5 questions 
Mean of Average Loss reduced by eight in 11 questions 
k 	 Mean of Regrets 
0 	15.0
1	15.0
2	15.0
3	15.0
4	14.99999
5	14.99999
6	14.99999
7	14.99999
8	14.99999
9	14.99997
10	14.99997
11	14.99999
12	14.99999
13	14.99999
14	14.99999
15	14.99999
16	14.99999
17	14.99999
18	14.99999
19	14.99997
20	14.999998571428572
21	14.99999
22	14.99999
23	14.99999
24	14.99999
25	14.99999
26	14.99999
27	14.99999
28	14.99999
29	14.99999
30	14.99997
k 	 Mean of Average Losses 
0 	3.7831860000000006
1	3.7831860000000006
2	2.4187079999999996
3	1.8312610000000002
4	3.7408230000000025
5	0.7797150000000004
6	2.3561049999999994
7	2.6360530000000004
8	2.144786
9	0.8683189999999996
10	1.362604000000002
11	0.17523599999999995
12	1.9537519999999997
13	1.931602999999999
14	1.3014339999999995
15	1.3503570000000007
16	2.117439
17	4.244788
18	1.4246980000000002
19	2.5485919999999984
20	1.2542610000000005
21	3.4880959999999996
22	2.0501699999999996
23	3.2236210000000014
24	0.9263799999999991
25	0.5366649999999984
26	2.9146150000000013
27	1.2081689999999998
28	0.046783999999999715
29	4.930916999999998
30	3.8270920000000004
k 	 Standard Deviations of Regrets 
1	0.0
2	0.0
3	0.0
4	0.0
5	0.0
6	0.0
7	0.0
8	0.0
9	0.0
10	0.0
11	0.0
12	0.0
13	0.0
14	0.0
15	0.0
16	0.0
17	0.0
18	0.0
19	0.0
20	0.0
21	0.0
22	0.0
23	0.0
24	0.0
25	0.0
26	0.0
27	0.0
28	0.0
29	0.0
30	0.0
k 	 Standard Deviations of Average Losses 
1	0.0
2	0.0
3	0.0
4	0.0
5	0.0
6	0.0
7	0.0
8	0.0
9	0.0
10	0.0
11	0.0
12	0.0
13	0.0
14	0.0
15	0.0
16	0.0
17	0.0
18	0.0
19	0.0
20	0.0
21	0.0
22	0.0
23	0.0
24	0.0
25	0.0
26	0.0
27	0.0
28	0.0
29	0.0
30	0.0
Duration 66.80600 seconds 
Questions to the voters: 97 Question to the committee: 368