Two Phases Tau Strategy
7 Voters 7 Alternatives 
30 Questions for 1 runs 
Mean of Regret reduced by half in -1 questions 
Mean of Regret reduced by four in -1 questions 
Mean of Regret reduced by eight in -1 questions 
Mean of Average Loss reduced by half in 9 questions 
Mean of Average Loss reduced by four in 14 questions 
Mean of Average Loss reduced by eight in 14 questions 
k 	 Mean of Regrets 
0 	7.0
1	7.0
2	7.0
3	7.0
4	7.0
5	7.0
6	7.0
7	7.0
8	7.0
9	7.0
10	7.0
11	7.0
12	6.995934959349594
13	6.999986666666667
14	6.994301994301995
15	6.989914271306102
16	6.999965128205129
17	6.967145790554415
18	6.991510491750761
19	6.999983333333334
20	6.710513684210526
21	5.999926666666666
22	6.99992156862745
23	5.831820931639443
24	6.999930666666667
25	6.0
26	6.460833278688525
27	6.79998
28	5.0
29	5.932773109243697
30	5.8072173493975905
k 	 Mean of Average Losses 
0 	1.4151130000000005
1	1.4151130000000005
2	1.6818059999999997
3	0.9628260000000003
4	1.4973819999999998
5	0.8307679999999996
6	3.718412999999999
7	1.829381
8	1.2464540000000002
9	0.6819169999999998
10	2.699401000000001
11	1.8998140000000003
12	1.3221709999999995
13	0.40925300000000053
14	0.0
15	2.3888495
16	1.4986474999999997
17	2.504418999999999
18	3.3158869999999996
19	0.5637114999999999
20	1.021824000000001
21	0.0
22	0.03819000000000017
23	0.746972
24	2.7699349999999994
25	0.5339560000000003
26	0.06687100000000035
27	0.652377
28	0.06035199999999996
29	0.0
30	2.353231
k 	 Standard Deviations of Regrets 
1	0.0
2	0.0
3	0.0
4	0.0
5	0.0
6	0.0
7	0.0
8	0.0
9	0.0
10	0.0
11	0.0
12	0.0
13	0.0
14	0.0
15	0.0
16	0.0
17	0.0
18	0.0
19	0.0
20	0.0
21	0.0
22	0.0
23	0.0
24	0.0
25	0.0
26	0.0
27	0.0
28	0.0
29	0.0
30	0.0
k 	 Standard Deviations of Average Losses 
1	0.0
2	0.0
3	0.0
4	0.0
5	0.0
6	0.0
7	0.0
8	0.0
9	0.0
10	0.0
11	0.0
12	0.0
13	0.0
14	0.0
15	0.0
16	0.0
17	0.0
18	0.0
19	0.0
20	0.0
21	0.0
22	0.0
23	0.0
24	0.0
25	0.0
26	0.0
27	0.0
28	0.0
29	0.0
30	0.0
Duration 6.81800 seconds 
Questions to the voters: 210 Question to the committee: 255