Two Phases Tau Strategy
15 Voters 15 Alternatives 
30 Questions for 1 runs 
Mean of Regret reduced by half in -1 questions 
Mean of Regret reduced by four in -1 questions 
Mean of Regret reduced by eight in -1 questions 
Mean of Average Loss reduced by half in 11 questions 
Mean of Average Loss reduced by four in 19 questions 
Mean of Average Loss reduced by eight in 19 questions 
k 	 Mean of Regrets 
0 	15.0
1	15.0
2	15.0
3	15.0
4	15.0
5	15.0
6	15.0
7	15.0
8	15.0
9	15.0
10	15.0
11	14.999998571428572
12	15.0
13	15.0
14	14.999998571428572
15	14.99999
16	14.999998571428572
17	14.99996142857143
18	14.99999
19	14.99997
20	14.99999
21	14.999965714285715
22	14.999979999999999
23	14.9999
24	14.99996142857143
25	14.999964285714286
26	14.999899999999998
27	14.999961428571428
28	14.999889999999999
29	14.99985
30	14.999909999999998
k 	 Mean of Average Losses 
0 	2.4008719999999983
1	2.4008719999999983
2	2.4006119999999993
3	3.032619
4	2.307401
5	1.4713079999999998
6	3.1497520000000017
7	3.061152
8	2.6835420000000014
9	1.6389120000000013
10	3.2281100000000005
11	1.1727580000000009
12	2.801864
13	2.3872780000000016
14	1.2297465
15	1.4407759999999996
16	1.730904333333333
17	0.899718
18	5.625633
19	0.0
20	1.4446990000000008
21	0.8304740000000006
22	3.280666
23	0.0
24	0.33947899999999986
25	4.005104
26	1.5072545000000002
27	0.7219959999999999
28	1.4174859999999994
29	1.5428915
30	2.3252379999999997
k 	 Standard Deviations of Regrets 
1	0.0
2	0.0
3	0.0
4	0.0
5	0.0
6	0.0
7	0.0
8	0.0
9	0.0
10	0.0
11	0.0
12	0.0
13	0.0
14	0.0
15	0.0
16	0.0
17	0.0
18	0.0
19	0.0
20	0.0
21	0.0
22	0.0
23	0.0
24	0.0
25	0.0
26	0.0
27	0.0
28	0.0
29	0.0
30	0.0
k 	 Standard Deviations of Average Losses 
1	0.0
2	0.0
3	0.0
4	0.0
5	0.0
6	0.0
7	0.0
8	0.0
9	0.0
10	0.0
11	0.0
12	0.0
13	0.0
14	0.0
15	0.0
16	0.0
17	0.0
18	0.0
19	0.0
20	0.0
21	0.0
22	0.0
23	0.0
24	0.0
25	0.0
26	0.0
27	0.0
28	0.0
29	0.0
30	0.0
Duration 39.70400 seconds 
Questions to the voters: 210 Question to the committee: 255