Extreme Completion Strategy
15 Voters 15 Alternatives 
30 Questions for 1 runs 
Mean of Regret reduced by half in -1 questions 
Mean of Regret reduced by four in -1 questions 
Mean of Regret reduced by eight in -1 questions 
Mean of Average Loss reduced by half in 5 questions 
Mean of Average Loss reduced by four in 5 questions 
Mean of Average Loss reduced by eight in 5 questions 
k 	 Mean of Regrets 
0 	15.0
1	15.0
2	15.0
3	15.0
4	14.99999
5	14.99999
6	14.99999
7	15.0
8	14.99999
9	14.99999
10	14.999998571428572
11	14.99999
12	14.99999
13	14.99999
14	14.99999
15	14.99999
16	14.999998571428572
17	14.99999
18	14.99997
19	14.99999
20	14.99999
21	14.99999
22	14.99999
23	14.99999
24	14.99999
25	14.999998571428572
26	14.999998571428572
27	14.999998571428572
28	14.99999
29	14.999998571428572
30	14.999998571428572
k 	 Mean of Average Losses 
0 	2.553272999999999
1	2.553272999999999
2	2.2897269999999996
3	2.736971
4	1.4306240000000008
5	0.0
6	5.475842999999999
7	2.2849180000000007
8	0.0
9	1.8646459999999987
10	0.5930339999999994
11	2.5458409999999994
12	2.8178069999999993
13	1.7505040000000003
14	2.066725
15	1.6856929999999997
16	2.2062570000000017
17	1.2256009999999993
18	1.851922
19	2.416964
20	0.4367819999999991
21	2.561020000000002
22	0.9973049999999999
23	0.0
24	0.4761670000000011
25	0.11946399999999979
26	3.2937509999999994
27	2.444988400000001
28	5.920868
29	0.0
30	1.3507385000000003
k 	 Standard Deviations of Regrets 
1	0.0
2	0.0
3	0.0
4	0.0
5	0.0
6	0.0
7	0.0
8	0.0
9	0.0
10	0.0
11	0.0
12	0.0
13	0.0
14	0.0
15	0.0
16	0.0
17	0.0
18	0.0
19	0.0
20	0.0
21	0.0
22	0.0
23	0.0
24	0.0
25	0.0
26	0.0
27	0.0
28	0.0
29	0.0
30	0.0
k 	 Standard Deviations of Average Losses 
1	0.0
2	0.0
3	0.0
4	0.0
5	0.0
6	0.0
7	0.0
8	0.0
9	0.0
10	0.0
11	0.0
12	0.0
13	0.0
14	0.0
15	0.0
16	0.0
17	0.0
18	0.0
19	0.0
20	0.0
21	0.0
22	0.0
23	0.0
24	0.0
25	0.0
26	0.0
27	0.0
28	0.0
29	0.0
30	0.0
Duration 65.01600 seconds 
Questions to the voters: 86 Question to the committee: 379