Two Phases Random Strategy
7 Voters 7 Alternatives 
50 Questions for 1 runs 
Mean of Regret reduced by half in 48 questions 
Mean of Regret reduced by four in -1 questions 
Mean of Regret reduced by eight in -1 questions 
Mean of Average Loss reduced by half in 11 questions 
Mean of Average Loss reduced by four in 11 questions 
Mean of Average Loss reduced by eight in 11 questions 
k 	 Mean of Regrets 
0 	7.0
1	7.0
2	7.0
3	7.0
4	7.0
5	7.0
6	7.0
7	7.0
8	7.0
9	7.0
10	7.0
11	6.9959595959595955
12	6.999993333333333
13	6.993127147766323
14	6.980676328502415
15	6.979296066252588
16	7.0
17	6.999979333333333
18	7.0
19	6.999810000000004
20	6.9999899999999995
21	6.7499675
22	6.656527203647417
23	6.79998
24	6.972137570744449
25	6.327413805309734
26	6.0
27	5.523787142857143
28	6.39995
29	6.318788758389262
30	5.7407242592592596
31	6.333270000000001
32	5.855809575289575
33	5.851470595514308
34	5.905283426183844
35	5.9320006296238
36	5.39997
37	5.449238405797101
38	5.485148514851485
39	5.648478363636363
40	5.4632604065040695
41	4.960413628899838
42	4.740549259259262
43	4.769212136752136
44	5.1922919230769224
45	4.499917142857144
46	5.4999575
47	3.9999000000000007
48	2.9909909909909906
49	3.5507136231884058
50	5.0243147112462
k 	 Mean of Average Losses 
0 	0.97487
1	0.97487
2	0.9736979999999997
3	0.8822000000000007
4	0.989631
5	1.0117749999999996
6	1.3283570000000002
7	1.1216570000000001
8	1.7223070000000003
9	0.5957929999999999
10	1.3251949999999997
11	0.0
12	0.33664150000000004
13	0.0
14	3.253708
15	1.5512899999999998
16	1.3586099999999999
17	1.662756
18	1.1994710000000004
19	0.8252230000000003
20	0.3053794999999999
21	1.0323789999999997
22	1.6435519999999992
23	1.7955419999999997
24	1.452939000000001
25	0.9899580000000006
26	0.3147810000000004
27	1.34619
28	0.38201899999999966
29	2.2923920000000013
30	1.235618
31	0.1366839999999998
32	0.0
33	1.156926
34	0.0
35	0.5516429999999999
36	0.19396799999999992
37	0.0
38	2.2671520000000003
39	0.01404299999999914
40	0.0
41	0.102163
42	0.0
43	0.0
44	0.0
45	0.0
46	0.04479600000000028
47	0.0
48	0.0
49	0.0
50	0.8794450000000005
k 	 Standard Deviations of Regrets 
1	0.0
2	0.0
3	0.0
4	0.0
5	0.0
6	0.0
7	0.0
8	0.0
9	0.0
10	0.0
11	0.0
12	0.0
13	0.0
14	0.0
15	0.0
16	0.0
17	0.0
18	0.0
19	0.0
20	0.0
21	0.0
22	0.0
23	0.0
24	0.0
25	0.0
26	0.0
27	0.0
28	0.0
29	0.0
30	0.0
31	0.0
32	0.0
33	0.0
34	0.0
35	0.0
36	0.0
37	0.0
38	0.0
39	0.0
40	0.0
41	0.0
42	0.0
43	0.0
44	0.0
45	0.0
46	0.0
47	0.0
48	0.0
49	0.0
50	0.0
k 	 Standard Deviations of Average Losses 
1	0.0
2	0.0
3	0.0
4	0.0
5	0.0
6	0.0
7	0.0
8	0.0
9	0.0
10	0.0
11	0.0
12	0.0
13	0.0
14	0.0
15	0.0
16	0.0
17	0.0
18	0.0
19	0.0
20	0.0
21	0.0
22	0.0
23	0.0
24	0.0
25	0.0
26	0.0
27	0.0
28	0.0
29	0.0
30	0.0
31	0.0
32	0.0
33	0.0
34	0.0
35	0.0
36	0.0
37	0.0
38	0.0
39	0.0
40	0.0
41	0.0
42	0.0
43	0.0
44	0.0
45	0.0
46	0.0
47	0.0
48	0.0
49	0.0
50	0.0
Duration 2.71800 seconds 
Questions to the voters: 820 Question to the committee: 455