Two Phases Tau Strategy
7 Voters 7 Alternatives 
50 Questions for 1 runs 
Mean of Regret reduced by half in -1 questions 
Mean of Regret reduced by four in -1 questions 
Mean of Regret reduced by eight in -1 questions 
Mean of Average Loss reduced by half in 15 questions 
Mean of Average Loss reduced by four in 18 questions 
Mean of Average Loss reduced by eight in 18 questions 
k 	 Mean of Regrets 
0 	7.0
1	7.0
2	7.0
3	7.0
4	7.0
5	7.0
6	7.0
7	7.0
8	7.0
9	7.0
10	7.0
11	7.0
12	7.0
13	6.981330221703617
14	6.990320629159105
15	6.979209979209979
16	6.977077363896848
17	6.991185112634671
18	6.938261575954509
19	6.925888888888888
20	6.297791404399323
21	6.399981333333333
22	6.887014515496273
23	6.833308333333333
24	5.855062028985507
25	6.421286840317101
26	5.9999633333333335
27	5.9960985125579125
28	6.395797916666667
29	5.79998
30	6.279968800000001
31	6.122583315217391
32	5.99998
33	5.47056
34	5.575318691943128
35	5.212098484848485
36	5.364230641918021
37	5.285711428571428
38	5.595736808510638
39	5.838967648127954
40	5.0
41	4.3696199596774195
42	4.515936550724637
43	4.747091609195402
44	4.800385356454719
45	4.347866962509563
46	4.869279215686275
47	4.8503350340136056
48	3.9999500000000006
49	4.435011807909604
50	5.159938133333335
k 	 Mean of Average Losses 
0 	1.1648589999999999
1	1.1648589999999999
2	2.3207290000000005
3	0.739511
4	0.8980490000000001
5	1.3964640000000001
6	2.094243
7	1.6340960000000002
8	1.29256
9	1.495438
10	1.5036059999999996
11	2.646973
12	0.9886809999999999
13	2.72142
14	3.615774000000001
15	0.4454039999999999
16	0.42249099999999995
17	1.5023709999999997
18	0.0
19	0.0
20	0.0
21	1.0600049999999999
22	1.3721730000000005
23	1.656116
24	0.27428099999999933
25	1.528749
26	1.212672
27	0.7236910000000005
28	0.0
29	1.3450100000000003
30	0.0
31	0.0
32	0.0
33	0.600787
34	0.0
35	0.3690150000000001
36	0.3392809999999993
37	0.0
38	0.309342
39	0.0
40	1.3820630000000005
41	0.0
42	1.0857130000000006
43	0.0
44	0.0
45	0.0
46	2.2282089999999997
47	0.8306189999999996
48	0.27071500000000004
49	0.0
50	1.886127
k 	 Standard Deviations of Regrets 
1	0.0
2	0.0
3	0.0
4	0.0
5	0.0
6	0.0
7	0.0
8	0.0
9	0.0
10	0.0
11	0.0
12	0.0
13	0.0
14	0.0
15	0.0
16	0.0
17	0.0
18	0.0
19	0.0
20	0.0
21	0.0
22	0.0
23	0.0
24	0.0
25	0.0
26	0.0
27	0.0
28	0.0
29	0.0
30	0.0
31	0.0
32	0.0
33	0.0
34	0.0
35	0.0
36	0.0
37	0.0
38	0.0
39	0.0
40	0.0
41	0.0
42	0.0
43	0.0
44	0.0
45	0.0
46	0.0
47	0.0
48	0.0
49	0.0
50	0.0
k 	 Standard Deviations of Average Losses 
1	0.0
2	0.0
3	0.0
4	0.0
5	0.0
6	0.0
7	0.0
8	0.0
9	0.0
10	0.0
11	0.0
12	0.0
13	0.0
14	0.0
15	0.0
16	0.0
17	0.0
18	0.0
19	0.0
20	0.0
21	0.0
22	0.0
23	0.0
24	0.0
25	0.0
26	0.0
27	0.0
28	0.0
29	0.0
30	0.0
31	0.0
32	0.0
33	0.0
34	0.0
35	0.0
36	0.0
37	0.0
38	0.0
39	0.0
40	0.0
41	0.0
42	0.0
43	0.0
44	0.0
45	0.0
46	0.0
47	0.0
48	0.0
49	0.0
50	0.0
Duration 17.99800 seconds 
Questions to the voters: 785 Question to the committee: 455