Extreme Completion Strategy
7 Voters 7 Alternatives 
50 Questions for 1 runs 
Mean of Regret reduced by half in -1 questions 
Mean of Regret reduced by four in -1 questions 
Mean of Regret reduced by eight in -1 questions 
Mean of Average Loss reduced by half in 4 questions 
Mean of Average Loss reduced by four in 4 questions 
Mean of Average Loss reduced by eight in 4 questions 
k 	 Mean of Regrets 
0 	7.0
1	7.0
2	7.0
3	7.0
4	6.99999
5	7.0
6	6.99999
7	6.997067448680352
8	6.999996666666667
9	6.998095238095238
10	6.997849462365592
11	6.997701149425287
12	6.984158415841584
13	6.990783410138249
14	6.996249413970933
15	6.996546886802633
16	6.972273367269576
17	6.972268862048421
18	6.995283887844958
19	6.991129591129591
20	6.979888048708632
21	6.999996666666666
22	6.986410086264101
23	6.989731208876888
24	6.947984659538262
25	6.937722047719331
26	6.989420285363006
27	6.988047506492748
28	7.0
29	6.92956146237271
30	6.916728682161924
31	6.99439576585449
32	6.968595059081973
33	6.984906393677899
34	6.883992797702908
35	6.985957778545375
36	6.90596750987834
37	6.94435398257239
38	6.9999899999999995
39	6.926944131969904
40	6.976436299985634
41	6.8714944163876766
42	6.946955690844146
43	6.869150724901707
44	6.99999
45	6.871868595333635
46	6.900158841766763
47	6.779055415107134
48	6.975877634755403
49	6.945889211759689
50	6.947384770669666
k 	 Mean of Average Losses 
0 	0.867636
1	0.867636
2	1.0688089999999997
3	0.9623880000000001
4	0.0
5	2.095617999999999
6	2.4008720000000006
7	1.0242490000000002
8	0.2667965000000001
9	0.031861999999999835
10	1.5577799999999993
11	0.0
12	1.7166880000000004
13	0.0
14	0.72201
15	0.8441290000000001
16	0.0
17	0.525602000000001
18	0.0
19	1.2880479999999999
20	1.8099439999999998
21	0.1647409999999998
22	1.0098249999999998
23	0.0
24	0.3740619999999999
25	0.0
26	0.8994914999999999
27	1.3585973333333332
28	1.21556
29	0.0
30	1.938243
31	1.76448
32	1.7662680000000002
33	0.9259629999999994
34	1.3027510000000002
35	1.320563
36	2.1473679999999997
37	1.5499519999999998
38	0.0
39	0.4009319999999996
40	0.5791473333333329
41	1.7200260000000003
42	1.6250229999999997
43	0.9613069999999997
44	1.6841799999999996
45	0.0
46	2.3059540000000007
47	1.617531
48	1.1164759999999996
49	0.5738220000000007
50	0.808751
k 	 Standard Deviations of Regrets 
1	0.0
2	0.0
3	0.0
4	0.0
5	0.0
6	0.0
7	0.0
8	0.0
9	0.0
10	0.0
11	0.0
12	0.0
13	0.0
14	0.0
15	0.0
16	0.0
17	0.0
18	0.0
19	0.0
20	0.0
21	0.0
22	0.0
23	0.0
24	0.0
25	0.0
26	0.0
27	0.0
28	0.0
29	0.0
30	0.0
31	0.0
32	0.0
33	0.0
34	0.0
35	0.0
36	0.0
37	0.0
38	0.0
39	0.0
40	0.0
41	0.0
42	0.0
43	0.0
44	0.0
45	0.0
46	0.0
47	0.0
48	0.0
49	0.0
50	0.0
k 	 Standard Deviations of Average Losses 
1	0.0
2	0.0
3	0.0
4	0.0
5	0.0
6	0.0
7	0.0
8	0.0
9	0.0
10	0.0
11	0.0
12	0.0
13	0.0
14	0.0
15	0.0
16	0.0
17	0.0
18	0.0
19	0.0
20	0.0
21	0.0
22	0.0
23	0.0
24	0.0
25	0.0
26	0.0
27	0.0
28	0.0
29	0.0
30	0.0
31	0.0
32	0.0
33	0.0
34	0.0
35	0.0
36	0.0
37	0.0
38	0.0
39	0.0
40	0.0
41	0.0
42	0.0
43	0.0
44	0.0
45	0.0
46	0.0
47	0.0
48	0.0
49	0.0
50	0.0
Duration 28.14700 seconds 
Questions to the voters: 98 Question to the committee: 1177